0  1500  100
0  1500  140
0  1500  197
0  1500  278
0  1500  391
0  1500  550
0  1500  774
0  1500  1089
0  1500  1532
0  1500  2155
0  1500  3032
0  1500  4265
0  1500  5999
15  1500  100
15  1500  140
15  1500  197
15  1500  278
15  1500  391
15  1500  550
15  1500  774
15  1500  1089
15  1500  1532
15  1500  2155
15  1500  3032
15  1500  4265
15  1500  5999
30  1500  100
30  1500  140
30  1500  197
30  1500  278
30  1500  391
30  1500  550
30  1500  774
30  1500  1089
30  1500  1532
30  1500  2155
30  1500  3032
30  1500  4265
30  1500  5999
46  46  100
46  46  140
46  46  197
46  46  278
46  46  391
46  46  550
46  46  774
46  46  1089
46  46  1532
46  46  2155
46  46  3032
46  46  4265
46  46  5999
46  1500  100
46  1500  140
46  1500  197
46  1500  278
46  1500  391
46  1500  550
46  1500  774
46  1500  1089
46  1500  1532
46  1500  2155
46  1500  3032
46  1500  4265
46  1500  5999
62  30  100
62  30  140
62  30  197
62  30  278
62  30  391
62  30  550
62  30  774
62  30  1089
62  30  1532
62  30  2155
62  30  3032
62  30  4265
62  30  5999
62  46  100
62  46  140
62  46  197
62  46  278
62  46  391
62  46  550
62  46  774
62  46  1089
62  46  1532
62  46  2155
62  46  3032
62  46  4265
62  46  5999
62  62  100
62  62  140
62  62  197
62  62  278
62  62  391
62  62  550
62  62  774
62  62  1089
62  62  1532
62  62  2155
62  62  3032
62  62  4265
62  62  5999
62  1500  100
62  1500  140
62  1500  197
62  1500  278
62  1500  391
62  1500  550
62  1500  774
62  1500  1089
62  1500  1532
62  1500  2155
62  1500  3032
62  1500  4265
62  1500  5999
77  15  100
77  15  140
77  15  197
77  15  278
77  15  391
77  15  550
77  15  774
77  15  1089
77  15  1532
77  15  2155
77  15  3032
77  15  4265
77  15  5999
77  30  100
77  30  140
77  30  197
77  30  278
77  30  391
77  30  550
77  30  774
77  30  1089
77  30  1532
77  30  2155
77  30  3032
77  30  4265
77  30  5999
77  46  100
77  46  140
77  46  197
77  46  278
77  46  391
77  46  550
77  46  774
77  46  1089
77  46  1532
77  46  2155
77  46  3032
77  46  4265
77  46  5999
77  62  100
77  62  140
77  62  197
77  62  278
77  62  391
77  62  550
77  62  774
77  62  1089
77  62  1532
77  62  2155
77  62  3032
77  62  4265
77  62  5999
77  77  100
77  77  140
77  77  197
77  77  278
77  77  391
77  77  550
77  77  774
77  77  1089
77  77  1532
77  77  2155
77  77  3032
77  77  4265
77  77  5999
77  1500  100
77  1500  140
77  1500  197
77  1500  278
77  1500  391
77  1500  550
77  1500  774
77  1500  1089
77  1500  1532
77  1500  2155
77  1500  3032
77  1500  4265
77  1500  5999
92  0  100
92  0  140
92  0  197
92  0  278
92  0  391
92  0  550
92  0  774
92  0  1089
92  0  1532
92  0  2155
92  0  3032
92  0  4265
92  0  5999
92  15  100
92  15  140
92  15  197
92  15  278
92  15  391
92  15  550
92  15  774
92  15  1089
92  15  1532
92  15  2155
92  15  3032
92  15  4265
92  15  5999
92  30  100
92  30  140
92  30  197
92  30  278
92  30  391
92  30  550
92  30  774
92  30  1089
92  30  1532
92  30  2155
92  30  3032
92  30  4265
92  30  5999
92  46  100
92  46  140
92  46  197
92  46  278
92  46  391
92  46  550
92  46  774
92  46  1089
92  46  1532
92  46  2155
92  46  3032
92  46  4265
92  46  5999
92  62  100
92  62  140
92  62  197
92  62  278
92  62  391
92  62  550
92  62  774
92  62  1089
92  62  1532
92  62  2155
92  62  3032
92  62  4265
92  62  5999
92  77  100
92  77  140
92  77  197
92  77  278
92  77  391
92  77  550
92  77  774
92  77  1089
92  77  1532
92  77  2155
92  77  3032
92  77  4265
92  77  5999
92  92  100
92  92  140
92  92  197
92  92  278
92  92  391
92  92  550
92  92  774
92  92  1089
92  92  1532
92  92  2155
92  92  3032
92  92  4265
92  92  5999
92  1500  100
92  1500  140
92  1500  197
92  1500  278
92  1500  391
92  1500  550
92  1500  774
92  1500  1089
92  1500  1532
92  1500  2155
92  1500  3032
92  1500  4265
92  1500  5999
107  0  100
107  0  140
107  0  197
107  0  278
107  0  391
107  0  550
107  0  774
107  0  1089
107  0  1532
107  0  2155
107  0  3032
107  0  4265
107  0  5999
107  15  100
107  15  140
107  15  197
107  15  278
107  15  391
107  15  550
107  15  774
107  15  1089
107  15  1532
107  15  2155
107  15  3032
107  15  4265
107  15  5999
107  30  100
107  30  140
107  30  197
107  30  278
107  30  391
107  30  550
107  30  774
107  30  1089
107  30  1532
107  30  2155
107  30  3032
107  30  4265
107  30  5999
107  46  100
107  46  140
107  46  197
107  46  278
107  46  391
107  46  550
107  46  774
107  46  1089
107  46  1532
107  46  2155
107  46  3032
107  46  4265
107  46  5999
107  62  100
107  62  140
107  62  197
107  62  278
107  62  391
107  62  550
107  62  774
107  62  1089
107  62  1532
107  62  2155
107  62  3032
107  62  4265
107  62  5999
107  77  100
107  77  140
107  77  197
107  77  278
107  77  391
107  77  550
107  77  774
107  77  1089
107  77  1532
107  77  2155
107  77  3032
107  77  4265
107  77  5999
107  92  100
107  92  140
107  92  197
107  92  278
107  92  391
107  92  550
107  92  774
107  92  1089
107  92  1532
107  92  2155
107  92  3032
107  92  4265
107  92  5999
107  107  100
107  107  140
107  107  197
107  107  278
107  107  391
107  107  550
107  107  774
107  107  1089
107  107  1532
107  107  2155
107  107  3032
107  107  4265
107  107  5999
107  1500  100
107  1500  140
107  1500  197
107  1500  278
107  1500  391
107  1500  550
107  1500  774
107  1500  1089
107  1500  1532
107  1500  2155
107  1500  3032
107  1500  4265
107  1500  5999
125  0  100
125  0  140
125  0  197
125  0  278
125  0  391
125  0  550
125  0  774
125  0  1089
125  0  1532
125  0  2155
125  0  3032
125  0  4265
125  0  5999
125  15  100
125  15  140
125  15  197
125  15  278
125  15  391
125  15  550
125  15  774
125  15  1089
125  15  1532
125  15  2155
125  15  3032
125  15  4265
125  15  5999
125  30  100
125  30  140
125  30  197
125  30  278
125  30  391
125  30  550
125  30  774
125  30  1089
125  30  1532
125  30  2155
125  30  3032
125  30  4265
125  30  5999
125  46  100
125  46  140
125  46  197
125  46  278
125  46  391
125  46  550
125  46  774
125  46  1089
125  46  1532
125  46  2155
125  46  3032
125  46  4265
125  46  5999
125  62  100
125  62  140
125  62  197
125  62  278
125  62  391
125  62  550
125  62  774
125  62  1089
125  62  1532
125  62  2155
125  62  3032
125  62  4265
125  62  5999
125  77  100
125  77  140
125  77  197
125  77  278
125  77  391
125  77  550
125  77  774
125  77  1089
125  77  1532
125  77  2155
125  77  3032
125  77  4265
125  77  5999
125  92  100
125  92  140
125  92  197
125  92  278
125  92  391
125  92  550
125  92  774
125  92  1089
125  92  1532
125  92  2155
125  92  3032
125  92  4265
125  92  5999
125  107  100
125  107  140
125  107  197
125  107  278
125  107  391
125  107  550
125  107  774
125  107  1089
125  107  1532
125  107  2155
125  107  3032
125  107  4265
125  107  5999
125  125  100
125  125  140
125  125  197
125  125  278
125  125  391
125  125  550
125  125  774
125  125  1089
125  125  1532
125  125  2155
125  125  3032
125  125  4265
125  125  5999
125  1500  100
125  1500  140
125  1500  197
125  1500  278
125  1500  391
125  1500  550
125  1500  774
125  1500  1089
125  1500  1532
125  1500  2155
125  1500  3032
125  1500  4265
125  1500  5999
146  0  100
146  0  140
146  0  197
146  0  278
146  0  391
146  0  550
146  0  774
146  0  1089
146  0  1532
146  0  2155
146  0  3032
146  0  4265
146  0  5999
146  15  100
146  15  140
146  15  197
146  15  278
146  15  391
146  15  550
146  15  774
146  15  1089
146  15  1532
146  15  2155
146  15  3032
146  15  4265
146  15  5999
146  30  100
146  30  140
146  30  197
146  30  278
146  30  391
146  30  550
146  30  774
146  30  1089
146  30  1532
146  30  2155
146  30  3032
146  30  4265
146  30  5999
146  46  100
146  46  140
146  46  197
146  46  278
146  46  391
146  46  550
146  46  774
146  46  1089
146  46  1532
146  46  2155
146  46  3032
146  46  4265
146  46  5999
146  62  100
146  62  140
146  62  197
146  62  278
146  62  391
146  62  550
146  62  774
146  62  1089
146  62  1532
146  62  2155
146  62  3032
146  62  4265
146  62  5999
146  77  100
146  77  140
146  77  197
146  77  278
146  77  391
146  77  550
146  77  774
146  77  1089
146  77  1532
146  77  2155
146  77  3032
146  77  4265
146  77  5999
146  92  100
146  92  140
146  92  197
146  92  278
146  92  391
146  92  550
146  92  774
146  92  1089
146  92  1532
146  92  2155
146  92  3032
146  92  4265
146  92  5999
146  107  100
146  107  140
146  107  197
146  107  278
146  107  391
146  107  550
146  107  774
146  107  1089
146  107  1532
146  107  2155
146  107  3032
146  107  4265
146  107  5999
146  125  100
146  125  140
146  125  197
146  125  278
146  125  391
146  125  550
146  125  774
146  125  1089
146  125  1532
146  125  2155
146  125  3032
146  125  4265
146  125  5999
146  146  100
146  146  140
146  146  197
146  146  278
146  146  391
146  146  550
146  146  774
146  146  1089
146  146  1532
146  146  2155
146  146  3032
146  146  4265
146  146  5999
146  1500  100
146  1500  140
146  1500  197
146  1500  278
146  1500  391
146  1500  550
146  1500  774
146  1500  1089
146  1500  1532
146  1500  2155
146  1500  3032
146  1500  4265
146  1500  5999
171  0  100
171  0  140
171  0  197
171  0  278
171  0  391
171  0  550
171  0  774
171  0  1089
171  0  1532
171  0  2155
171  0  3032
171  0  4265
171  0  5999
171  15  100
171  15  140
171  15  197
171  15  278
171  15  391
171  15  550
171  15  774
171  15  1089
171  15  1532
171  15  2155
171  15  3032
171  15  4265
171  15  5999
171  30  100
171  30  140
171  30  197
171  30  278
171  30  391
171  30  550
171  30  774
171  30  1089
171  30  1532
171  30  2155
171  30  3032
171  30  4265
171  30  5999
171  46  100
171  46  140
171  46  197
171  46  278
171  46  391
171  46  550
171  46  774
171  46  1089
171  46  1532
171  46  2155
171  46  3032
171  46  4265
171  46  5999
171  62  100
171  62  140
171  62  197
171  62  278
171  62  391
171  62  550
171  62  774
171  62  1089
171  62  1532
171  62  2155
171  62  3032
171  62  4265
171  62  5999
171  77  100
171  77  140
171  77  197
171  77  278
171  77  391
171  77  550
171  77  774
171  77  1089
171  77  1532
171  77  2155
171  77  3032
171  77  4265
171  77  5999
171  92  100
171  92  140
171  92  197
171  92  278
171  92  391
171  92  550
171  92  774
171  92  1089
171  92  1532
171  92  2155
171  92  3032
171  92  4265
171  92  5999
171  107  100
171  107  140
171  107  197
171  107  278
171  107  391
171  107  550
171  107  774
171  107  1089
171  107  1532
171  107  2155
171  107  3032
171  107  4265
171  107  5999
171  125  100
171  125  140
171  125  197
171  125  278
171  125  391
171  125  550
171  125  774
171  125  1089
171  125  1532
171  125  2155
171  125  3032
171  125  4265
171  125  5999
171  146  100
171  146  140
171  146  197
171  146  278
171  146  391
171  146  550
171  146  774
171  146  1089
171  146  1532
171  146  2155
171  146  3032
171  146  4265
171  146  5999
171  171  100
171  171  140
171  171  197
171  171  278
171  171  391
171  171  550
171  171  774
171  171  1089
171  171  1532
171  171  2155
171  171  3032
171  171  4265
171  171  5999
171  1500  100
171  1500  140
171  1500  197
171  1500  278
171  1500  391
171  1500  550
171  1500  774
171  1500  1089
171  1500  1532
171  1500  2155
171  1500  3032
171  1500  4265
171  1500  5999
199  0  100
199  0  140
199  0  197
199  0  278
199  0  391
199  0  550
199  0  774
199  0  1089
199  0  1532
199  0  2155
199  0  3032
199  0  4265
199  0  5999
199  15  100
199  15  140
199  15  197
199  15  278
199  15  391
199  15  550
199  15  774
199  15  1089
199  15  1532
199  15  2155
199  15  3032
199  15  4265
199  15  5999
199  30  100
199  30  140
199  30  197
199  30  278
199  30  391
199  30  550
199  30  774
199  30  1089
199  30  1532
199  30  2155
199  30  3032
199  30  4265
199  30  5999
199  46  100
199  46  140
199  46  197
199  46  278
199  46  391
199  46  550
199  46  774
199  46  1089
199  46  1532
199  46  2155
199  46  3032
199  46  4265
199  46  5999
199  62  100
199  62  140
199  62  197
199  62  278
199  62  391
199  62  550
199  62  774
199  62  1089
199  62  1532
199  62  2155
199  62  3032
199  62  4265
199  62  5999
199  77  100
199  77  140
199  77  197
199  77  278
199  77  391
199  77  550
199  77  774
199  77  1089
199  77  1532
199  77  2155
199  77  3032
199  77  4265
199  77  5999
199  92  100
199  92  140
199  92  197
199  92  278
199  92  391
199  92  550
199  92  774
199  92  1089
199  92  1532
199  92  2155
199  92  3032
199  92  4265
199  92  5999
199  107  100
199  107  140
199  107  197
199  107  278
199  107  391
199  107  550
199  107  774
199  107  1089
199  107  1532
199  107  2155
199  107  3032
199  107  4265
199  107  5999
199  125  100
199  125  140
199  125  197
199  125  278
199  125  391
199  125  550
199  125  774
199  125  1089
199  125  1532
199  125  2155
199  125  3032
199  125  4265
199  125  5999
199  146  100
199  146  140
199  146  197
199  146  278
199  146  391
199  146  550
199  146  774
199  146  1089
199  146  1532
199  146  2155
199  146  3032
199  146  4265
199  146  5999
199  171  100
199  171  140
199  171  197
199  171  278
199  171  391
199  171  550
199  171  774
199  171  1089
199  171  1532
199  171  2155
199  171  3032
199  171  4265
199  171  5999
199  199  100
199  199  140
199  199  197
199  199  278
199  199  391
199  199  550
199  199  774
199  199  1089
199  199  1532
199  199  2155
199  199  3032
199  199  4265
199  199  5999
199  1500  100
199  1500  140
199  1500  197
199  1500  278
199  1500  391
199  1500  550
199  1500  774
199  1500  1089
199  1500  1532
199  1500  2155
199  1500  3032
199  1500  4265
199  1500  5999
233  0  100
233  0  140
233  0  197
233  0  278
233  0  391
233  0  550
233  0  774
233  0  1089
233  0  1532
233  0  2155
233  0  3032
233  0  4265
233  0  5999
233  15  100
233  15  140
233  15  197
233  15  278
233  15  391
233  15  550
233  15  774
233  15  1089
233  15  1532
233  15  2155
233  15  3032
233  15  4265
233  15  5999
233  30  100
233  30  140
233  30  197
233  30  278
233  30  391
233  30  550
233  30  774
233  30  1089
233  30  1532
233  30  2155
233  30  3032
233  30  4265
233  30  5999
233  46  100
233  46  140
233  46  197
233  46  278
233  46  391
233  46  550
233  46  774
233  46  1089
233  46  1532
233  46  2155
233  46  3032
233  46  4265
233  46  5999
233  62  100
233  62  140
233  62  197
233  62  278
233  62  391
233  62  550
233  62  774
233  62  1089
233  62  1532
233  62  2155
233  62  3032
233  62  4265
233  62  5999
233  77  100
233  77  140
233  77  197
233  77  278
233  77  391
233  77  550
233  77  774
233  77  1089
233  77  1532
233  77  2155
233  77  3032
233  77  4265
233  77  5999
233  92  100
233  92  140
233  92  197
233  92  278
233  92  391
233  92  550
233  92  774
233  92  1089
233  92  1532
233  92  2155
233  92  3032
233  92  4265
233  92  5999
233  107  100
233  107  140
233  107  197
233  107  278
233  107  391
233  107  550
233  107  774
233  107  1089
233  107  1532
233  107  2155
233  107  3032
233  107  4265
233  107  5999
233  125  100
233  125  140
233  125  197
233  125  278
233  125  391
233  125  550
233  125  774
233  125  1089
233  125  1532
233  125  2155
233  125  3032
233  125  4265
233  125  5999
233  146  100
233  146  140
233  146  197
233  146  278
233  146  391
233  146  550
233  146  774
233  146  1089
233  146  1532
233  146  2155
233  146  3032
233  146  4265
233  146  5999
233  171  100
233  171  140
233  171  197
233  171  278
233  171  391
233  171  550
233  171  774
233  171  1089
233  171  1532
233  171  2155
233  171  3032
233  171  4265
233  171  5999
233  199  100
233  199  140
233  199  197
233  199  278
233  199  391
233  199  550
233  199  774
233  199  1089
233  199  1532
233  199  2155
233  199  3032
233  199  4265
233  199  5999
233  233  100
233  233  140
233  233  197
233  233  278
233  233  391
233  233  550
233  233  774
233  233  1089
233  233  1532
233  233  2155
233  233  3032
233  233  4265
233  233  5999
233  1500  100
233  1500  140
233  1500  197
233  1500  278
233  1500  391
233  1500  550
233  1500  774
233  1500  1089
233  1500  1532
233  1500  2155
233  1500  3032
233  1500  4265
233  1500  5999
272  0  100
272  0  140
272  0  197
272  0  278
272  0  391
272  0  550
272  0  774
272  0  1089
272  0  1532
272  0  2155
272  0  3032
272  0  4265
272  0  5999
272  15  100
272  15  140
272  15  197
272  15  278
272  15  391
272  15  550
272  15  774
272  15  1089
272  15  1532
272  15  2155
272  15  3032
272  15  4265
272  15  5999
272  30  100
272  30  140
272  30  197
272  30  278
272  30  391
272  30  550
272  30  774
272  30  1089
272  30  1532
272  30  2155
272  30  3032
272  30  4265
272  30  5999
272  46  100
272  46  140
272  46  197
272  46  278
272  46  391
272  46  550
272  46  774
272  46  1089
272  46  1532
272  46  2155
272  46  3032
272  46  4265
272  46  5999
272  62  100
272  62  140
272  62  197
272  62  278
272  62  391
272  62  550
272  62  774
272  62  1089
272  62  1532
272  62  2155
272  62  3032
272  62  4265
272  62  5999
272  77  100
272  77  140
272  77  197
272  77  278
272  77  391
272  77  550
272  77  774
272  77  1089
272  77  1532
272  77  2155
272  77  3032
272  77  4265
272  77  5999
272  92  100
272  92  140
272  92  197
272  92  278
272  92  391
272  92  550
272  92  774
272  92  1089
272  92  1532
272  92  2155
272  92  3032
272  92  4265
272  92  5999
272  107  100
272  107  140
272  107  197
272  107  278
272  107  391
272  107  550
272  107  774
272  107  1089
272  107  1532
272  107  2155
272  107  3032
272  107  4265
272  107  5999
272  125  100
272  125  140
272  125  197
272  125  278
272  125  391
272  125  550
272  125  774
272  125  1089
272  125  1532
272  125  2155
272  125  3032
272  125  4265
272  125  5999
272  146  100
272  146  140
272  146  197
272  146  278
272  146  391
272  146  550
272  146  774
272  146  1089
272  146  1532
272  146  2155
272  146  3032
272  146  4265
272  146  5999
272  171  100
272  171  140
272  171  197
272  171  278
272  171  391
272  171  550
272  171  774
272  171  1089
272  171  1532
272  171  2155
272  171  3032
272  171  4265
272  171  5999
272  199  100
272  199  140
272  199  197
272  199  278
272  199  391
272  199  550
272  199  774
272  199  1089
272  199  1532
272  199  2155
272  199  3032
272  199  4265
272  199  5999
272  233  100
272  233  140
272  233  197
272  233  278
272  233  391
272  233  550
272  233  774
272  233  1089
272  233  1532
272  233  2155
272  233  3032
272  233  4265
272  233  5999
272  272  100
272  272  140
272  272  197
272  272  278
272  272  391
272  272  550
272  272  774
272  272  1089
272  272  1532
272  272  2155
272  272  3032
272  272  4265
272  272  5999
272  1500  100
272  1500  140
272  1500  197
272  1500  278
272  1500  391
272  1500  550
272  1500  774
272  1500  1089
272  1500  1532
272  1500  2155
272  1500  3032
272  1500  4265
272  1500  5999
318  0  100
318  0  140
318  0  197
318  0  278
318  0  391
318  0  550
318  0  774
318  0  1089
318  0  1532
318  0  2155
318  0  3032
318  0  4265
318  0  5999
318  15  100
318  15  140
318  15  197
318  15  278
318  15  391
318  15  550
318  15  774
318  15  1089
318  15  1532
318  15  2155
318  15  3032
318  15  4265
318  15  5999
318  30  100
318  30  140
318  30  197
318  30  278
318  30  391
318  30  550
318  30  774
318  30  1089
318  30  1532
318  30  2155
318  30  3032
318  30  4265
318  30  5999
318  46  100
318  46  140
318  46  197
318  46  278
318  46  391
318  46  550
318  46  774
318  46  1089
318  46  1532
318  46  2155
318  46  3032
318  46  4265
318  46  5999
318  62  100
318  62  140
318  62  197
318  62  278
318  62  391
318  62  550
318  62  774
318  62  1089
318  62  1532
318  62  2155
318  62  3032
318  62  4265
318  62  5999
318  77  100
318  77  140
318  77  197
318  77  278
318  77  391
318  77  550
318  77  774
318  77  1089
318  77  1532
318  77  2155
318  77  3032
318  77  4265
318  77  5999
318  92  100
318  92  140
318  92  197
318  92  278
318  92  391
318  92  550
318  92  774
318  92  1089
318  92  1532
318  92  2155
318  92  3032
318  92  4265
318  92  5999
318  107  100
318  107  140
318  107  197
318  107  278
318  107  391
318  107  550
318  107  774
318  107  1089
318  107  1532
318  107  2155
318  107  3032
318  107  4265
318  107  5999
318  125  100
318  125  140
318  125  197
318  125  278
318  125  391
318  125  550
318  125  774
318  125  1089
318  125  1532
318  125  2155
318  125  3032
318  125  4265
318  125  5999
318  146  100
318  146  140
318  146  197
318  146  278
318  146  391
318  146  550
318  146  774
318  146  1089
318  146  1532
318  146  2155
318  146  3032
318  146  4265
318  146  5999
318  171  100
318  171  140
318  171  197
318  171  278
318  171  391
318  171  550
318  171  774
318  171  1089
318  171  1532
318  171  2155
318  171  3032
318  171  4265
318  171  5999
318  199  100
318  199  140
318  199  197
318  199  278
318  199  391
318  199  550
318  199  774
318  199  1089
318  199  1532
318  199  2155
318  199  3032
318  199  4265
318  199  5999
318  233  100
318  233  140
318  233  197
318  233  278
318  233  391
318  233  550
318  233  774
318  233  1089
318  233  1532
318  233  2155
318  233  3032
318  233  4265
318  233  5999
318  272  100
318  272  140
318  272  197
318  272  278
318  272  391
318  272  550
318  272  774
318  272  1089
318  272  1532
318  272  2155
318  272  3032
318  272  4265
318  272  5999
318  318  100
318  318  140
318  318  197
318  318  278
318  318  391
318  318  550
318  318  774
318  318  1089
318  318  1532
318  318  2155
318  318  3032
318  318  4265
318  318  5999
318  1500  100
318  1500  140
318  1500  197
318  1500  278
318  1500  391
318  1500  550
318  1500  774
318  1500  1089
318  1500  1532
318  1500  2155
318  1500  3032
318  1500  4265
318  1500  5999
371  0  100
371  0  140
371  0  197
371  0  278
371  0  391
371  0  550
371  0  774
371  0  1089
371  0  1532
371  0  2155
371  0  3032
371  0  4265
371  0  5999
371  15  100
371  15  140
371  15  197
371  15  278
371  15  391
371  15  550
371  15  774
371  15  1089
371  15  1532
371  15  2155
371  15  3032
371  15  4265
371  15  5999
371  30  100
371  30  140
371  30  197
371  30  278
371  30  391
371  30  550
371  30  774
371  30  1089
371  30  1532
371  30  2155
371  30  3032
371  30  4265
371  30  5999
371  46  100
371  46  140
371  46  197
371  46  278
371  46  391
371  46  550
371  46  774
371  46  1089
371  46  1532
371  46  2155
371  46  3032
371  46  4265
371  46  5999
371  62  100
371  62  140
371  62  197
371  62  278
371  62  391
371  62  550
371  62  774
371  62  1089
371  62  1532
371  62  2155
371  62  3032
371  62  4265
371  62  5999
371  77  100
371  77  140
371  77  197
371  77  278
371  77  391
371  77  550
371  77  774
371  77  1089
371  77  1532
371  77  2155
371  77  3032
371  77  4265
371  77  5999
371  92  100
371  92  140
371  92  197
371  92  278
371  92  391
371  92  550
371  92  774
371  92  1089
371  92  1532
371  92  2155
371  92  3032
371  92  4265
371  92  5999
371  107  100
371  107  140
371  107  197
371  107  278
371  107  391
371  107  550
371  107  774
371  107  1089
371  107  1532
371  107  2155
371  107  3032
371  107  4265
371  107  5999
371  125  100
371  125  140
371  125  197
371  125  278
371  125  391
371  125  550
371  125  774
371  125  1089
371  125  1532
371  125  2155
371  125  3032
371  125  4265
371  125  5999
371  146  100
371  146  140
371  146  197
371  146  278
371  146  391
371  146  550
371  146  774
371  146  1089
371  146  1532
371  146  2155
371  146  3032
371  146  4265
371  146  5999
371  171  100
371  171  140
371  171  197
371  171  278
371  171  391
371  171  550
371  171  774
371  171  1089
371  171  1532
371  171  2155
371  171  3032
371  171  4265
371  171  5999
371  199  100
371  199  140
371  199  197
371  199  278
371  199  391
371  199  550
371  199  774
371  199  1089
371  199  1532
371  199  2155
371  199  3032
371  199  4265
371  199  5999
371  233  100
371  233  140
371  233  197
371  233  278
371  233  391
371  233  550
371  233  774
371  233  1089
371  233  1532
371  233  2155
371  233  3032
371  233  4265
371  233  5999
371  272  100
371  272  140
371  272  197
371  272  278
371  272  391
371  272  550
371  272  774
371  272  1089
371  272  1532
371  272  2155
371  272  3032
371  272  4265
371  272  5999
371  318  100
371  318  140
371  318  197
371  318  278
371  318  391
371  318  550
371  318  774
371  318  1089
371  318  1532
371  318  2155
371  318  3032
371  318  4265
371  318  5999
371  371  100
371  371  140
371  371  197
371  371  278
371  371  391
371  371  550
371  371  774
371  371  1089
371  371  1532
371  371  2155
371  371  3032
371  371  4265
371  371  5999
371  1500  100
371  1500  140
371  1500  197
371  1500  278
371  1500  391
371  1500  550
371  1500  774
371  1500  1089
371  1500  1532
371  1500  2155
371  1500  3032
371  1500  4265
371  1500  5999
433  0  100
433  0  140
433  0  197
433  0  278
433  0  391
433  0  550
433  0  774
433  0  1089
433  0  1532
433  0  2155
433  0  3032
433  0  4265
433  0  5999
433  15  100
433  15  140
433  15  197
433  15  278
433  15  391
433  15  550
433  15  774
433  15  1089
433  15  1532
433  15  2155
433  15  3032
433  15  4265
433  15  5999
433  30  100
433  30  140
433  30  197
433  30  278
433  30  391
433  30  550
433  30  774
433  30  1089
433  30  1532
433  30  2155
433  30  3032
433  30  4265
433  30  5999
433  46  100
433  46  140
433  46  197
433  46  278
433  46  391
433  46  550
433  46  774
433  46  1089
433  46  1532
433  46  2155
433  46  3032
433  46  4265
433  46  5999
433  62  100
433  62  140
433  62  197
433  62  278
433  62  391
433  62  550
433  62  774
433  62  1089
433  62  1532
433  62  2155
433  62  3032
433  62  4265
433  62  5999
433  77  100
433  77  140
433  77  197
433  77  278
433  77  391
433  77  550
433  77  774
433  77  1089
433  77  1532
433  77  2155
433  77  3032
433  77  4265
433  77  5999
433  92  100
433  92  140
433  92  197
433  92  278
433  92  391
433  92  550
433  92  774
433  92  1089
433  92  1532
433  92  2155
433  92  3032
433  92  4265
433  92  5999
433  107  100
433  107  140
433  107  197
433  107  278
433  107  391
433  107  550
433  107  774
433  107  1089
433  107  1532
433  107  2155
433  107  3032
433  107  4265
433  107  5999
433  125  100
433  125  140
433  125  197
433  125  278
433  125  391
433  125  550
433  125  774
433  125  1089
433  125  1532
433  125  2155
433  125  3032
433  125  4265
433  125  5999
433  146  100
433  146  140
433  146  197
433  146  278
433  146  391
433  146  550
433  146  774
433  146  1089
433  146  1532
433  146  2155
433  146  3032
433  146  4265
433  146  5999
433  171  100
433  171  140
433  171  197
433  171  278
433  171  391
433  171  550
433  171  774
433  171  1089
433  171  1532
433  171  2155
433  171  3032
433  171  4265
433  171  5999
433  199  100
433  199  140
433  199  197
433  199  278
433  199  391
433  199  550
433  199  774
433  199  1089
433  199  1532
433  199  2155
433  199  3032
433  199  4265
433  199  5999
433  233  100
433  233  140
433  233  197
433  233  278
433  233  391
433  233  550
433  233  774
433  233  1089
433  233  1532
433  233  2155
433  233  3032
433  233  4265
433  233  5999
433  272  100
433  272  140
433  272  197
433  272  278
433  272  391
433  272  550
433  272  774
433  272  1089
433  272  1532
433  272  2155
433  272  3032
433  272  4265
433  272  5999
433  318  100
433  318  140
433  318  197
433  318  278
433  318  391
433  318  550
433  318  774
433  318  1089
433  318  1532
433  318  2155
433  318  3032
433  318  4265
433  318  5999
433  371  100
433  371  140
433  371  197
433  371  278
433  371  391
433  371  550
433  371  774
433  371  1089
433  371  1532
433  371  2155
433  371  3032
433  371  4265
433  371  5999
433  433  100
433  433  140
433  433  197
433  433  278
433  433  391
433  433  550
433  433  774
433  433  1089
433  433  1532
433  433  2155
433  433  3032
433  433  4265
433  433  5999
433  1500  100
433  1500  140
433  1500  197
433  1500  278
433  1500  391
433  1500  550
433  1500  774
433  1500  1089
433  1500  1532
433  1500  2155
433  1500  3032
433  1500  4265
433  1500  5999
506  0  100
506  0  140
506  0  197
506  0  278
506  0  391
506  0  550
506  0  774
506  0  1089
506  0  1532
506  0  2155
506  0  3032
506  0  4265
506  0  5999
506  15  100
506  15  140
506  15  197
506  15  278
506  15  391
506  15  550
506  15  774
506  15  1089
506  15  1532
506  15  2155
506  15  3032
506  15  4265
506  15  5999
506  30  100
506  30  140
506  30  197
506  30  278
506  30  391
506  30  550
506  30  774
506  30  1089
506  30  1532
506  30  2155
506  30  3032
506  30  4265
506  30  5999
506  46  100
506  46  140
506  46  197
506  46  278
506  46  391
506  46  550
506  46  774
506  46  1089
506  46  1532
506  46  2155
506  46  3032
506  46  4265
506  46  5999
506  62  100
506  62  140
506  62  197
506  62  278
506  62  391
506  62  550
506  62  774
506  62  1089
506  62  1532
506  62  2155
506  62  3032
506  62  4265
506  62  5999
506  77  100
506  77  140
506  77  197
506  77  278
506  77  391
506  77  550
506  77  774
506  77  1089
506  77  1532
506  77  2155
506  77  3032
506  77  4265
506  77  5999
506  92  100
506  92  140
506  92  197
506  92  278
506  92  391
506  92  550
506  92  774
506  92  1089
506  92  1532
506  92  2155
506  92  3032
506  92  4265
506  92  5999
506  107  100
506  107  140
506  107  197
506  107  278
506  107  391
506  107  550
506  107  774
506  107  1089
506  107  1532
506  107  2155
506  107  3032
506  107  4265
506  107  5999
506  125  100
506  125  140
506  125  197
506  125  278
506  125  391
506  125  550
506  125  774
506  125  1089
506  125  1532
506  125  2155
506  125  3032
506  125  4265
506  125  5999
506  146  100
506  146  140
506  146  197
506  146  278
506  146  391
506  146  550
506  146  774
506  146  1089
506  146  1532
506  146  2155
506  146  3032
506  146  4265
506  146  5999
506  171  100
506  171  140
506  171  197
506  171  278
506  171  391
506  171  550
506  171  774
506  171  1089
506  171  1532
506  171  2155
506  171  3032
506  171  4265
506  171  5999
506  199  100
506  199  140
506  199  197
506  199  278
506  199  391
506  199  550
506  199  774
506  199  1089
506  199  1532
506  199  2155
506  199  3032
506  199  4265
506  199  5999
506  233  100
506  233  140
506  233  197
506  233  278
506  233  391
506  233  550
506  233  774
506  233  1089
506  233  1532
506  233  2155
506  233  3032
506  233  4265
506  233  5999
506  272  100
506  272  140
506  272  197
506  272  278
506  272  391
506  272  550
506  272  774
506  272  1089
506  272  1532
506  272  2155
506  272  3032
506  272  4265
506  272  5999
506  318  100
506  318  140
506  318  197
506  318  278
506  318  391
506  318  550
506  318  774
506  318  1089
506  318  1532
506  318  2155
506  318  3032
506  318  4265
506  318  5999
506  371  100
506  371  140
506  371  197
506  371  278
506  371  391
506  371  550
506  371  774
506  371  1089
506  371  1532
506  371  2155
506  371  3032
506  371  4265
506  371  5999
506  433  100
506  433  140
506  433  197
506  433  278
506  433  391
506  433  550
506  433  774
506  433  1089
506  433  1532
506  433  2155
506  433  3032
506  433  4265
506  433  5999
506  506  100
506  506  140
506  506  197
506  506  278
506  506  391
506  506  550
506  506  774
506  506  1089
506  506  1532
506  506  2155
506  506  3032
506  506  4265
506  506  5999
506  1500  100
506  1500  140
506  1500  197
506  1500  278
506  1500  391
506  1500  550
506  1500  774
506  1500  1089
506  1500  1532
506  1500  2155
506  1500  3032
506  1500  4265
506  1500  5999
591  0  100
591  0  140
591  0  197
591  0  278
591  0  391
591  0  550
591  0  774
591  0  1089
591  0  1532
591  0  2155
591  0  3032
591  0  4265
591  0  5999
591  15  100
591  15  140
591  15  197
591  15  278
591  15  391
591  15  550
591  15  774
591  15  1089
591  15  1532
591  15  2155
591  15  3032
591  15  4265
591  15  5999
591  30  100
591  30  140
591  30  197
591  30  278
591  30  391
591  30  550
591  30  774
591  30  1089
591  30  1532
591  30  2155
591  30  3032
591  30  4265
591  30  5999
591  46  100
591  46  140
591  46  197
591  46  278
591  46  391
591  46  550
591  46  774
591  46  1089
591  46  1532
591  46  2155
591  46  3032
591  46  4265
591  46  5999
591  62  100
591  62  140
591  62  197
591  62  278
591  62  391
591  62  550
591  62  774
591  62  1089
591  62  1532
591  62  2155
591  62  3032
591  62  4265
591  62  5999
591  77  100
591  77  140
591  77  197
591  77  278
591  77  391
591  77  550
591  77  774
591  77  1089
591  77  1532
591  77  2155
591  77  3032
591  77  4265
591  77  5999
591  92  100
591  92  140
591  92  197
591  92  278
591  92  391
591  92  550
591  92  774
591  92  1089
591  92  1532
591  92  2155
591  92  3032
591  92  4265
591  92  5999
591  107  100
591  107  140
591  107  197
591  107  278
591  107  391
591  107  550
591  107  774
591  107  1089
591  107  1532
591  107  2155
591  107  3032
591  107  4265
591  107  5999
591  125  100
591  125  140
591  125  197
591  125  278
591  125  391
591  125  550
591  125  774
591  125  1089
591  125  1532
591  125  2155
591  125  3032
591  125  4265
591  125  5999
591  146  100
591  146  140
591  146  197
591  146  278
591  146  391
591  146  550
591  146  774
591  146  1089
591  146  1532
591  146  2155
591  146  3032
591  146  4265
591  146  5999
591  171  100
591  171  140
591  171  197
591  171  278
591  171  391
591  171  550
591  171  774
591  171  1089
591  171  1532
591  171  2155
591  171  3032
591  171  4265
591  171  5999
591  199  100
591  199  140
591  199  197
591  199  278
591  199  391
591  199  550
591  199  774
591  199  1089
591  199  1532
591  199  2155
591  199  3032
591  199  4265
591  199  5999
591  233  100
591  233  140
591  233  197
591  233  278
591  233  391
591  233  550
591  233  774
591  233  1089
591  233  1532
591  233  2155
591  233  3032
591  233  4265
591  233  5999
591  272  100
591  272  140
591  272  197
591  272  278
591  272  391
591  272  550
591  272  774
591  272  1089
591  272  1532
591  272  2155
591  272  3032
591  272  4265
591  272  5999
591  318  100
591  318  140
591  318  197
591  318  278
591  318  391
591  318  550
591  318  774
591  318  1089
591  318  1532
591  318  2155
591  318  3032
591  318  4265
591  318  5999
591  371  100
591  371  140
591  371  197
591  371  278
591  371  391
591  371  550
591  371  774
591  371  1089
591  371  1532
591  371  2155
591  371  3032
591  371  4265
591  371  5999
591  433  100
591  433  140
591  433  197
591  433  278
591  433  391
591  433  550
591  433  774
591  433  1089
591  433  1532
591  433  2155
591  433  3032
591  433  4265
591  433  5999
591  506  100
591  506  140
591  506  197
591  506  278
591  506  391
591  506  550
591  506  774
591  506  1089
591  506  1532
591  506  2155
591  506  3032
591  506  4265
591  506  5999
591  591  100
591  591  140
591  591  197
591  591  278
591  591  391
591  591  550
591  591  774
591  591  1089
591  591  1532
591  591  2155
591  591  3032
591  591  4265
591  591  5999
591  1500  100
591  1500  140
591  1500  197
591  1500  278
591  1500  391
591  1500  550
591  1500  774
591  1500  1089
591  1500  1532
591  1500  2155
591  1500  3032
591  1500  4265
591  1500  5999
690  0  100
690  0  140
690  0  197
690  0  278
690  0  391
690  0  550
690  0  774
690  0  1089
690  0  1532
690  0  2155
690  0  3032
690  0  4265
690  0  5999
690  15  100
690  15  140
690  15  197
690  15  278
690  15  391
690  15  550
690  15  774
690  15  1089
690  15  1532
690  15  2155
690  15  3032
690  15  4265
690  15  5999
690  30  100
690  30  140
690  30  197
690  30  278
690  30  391
690  30  550
690  30  774
690  30  1089
690  30  1532
690  30  2155
690  30  3032
690  30  4265
690  30  5999
690  46  100
690  46  140
690  46  197
690  46  278
690  46  391
690  46  550
690  46  774
690  46  1089
690  46  1532
690  46  2155
690  46  3032
690  46  4265
690  46  5999
690  62  100
690  62  140
690  62  197
690  62  278
690  62  391
690  62  550
690  62  774
690  62  1089
690  62  1532
690  62  2155
690  62  3032
690  62  4265
690  62  5999
690  77  100
690  77  140
690  77  197
690  77  278
690  77  391
690  77  550
690  77  774
690  77  1089
690  77  1532
690  77  2155
690  77  3032
690  77  4265
690  77  5999
690  92  100
690  92  140
690  92  197
690  92  278
690  92  391
690  92  550
690  92  774
690  92  1089
690  92  1532
690  92  2155
690  92  3032
690  92  4265
690  92  5999
690  107  100
690  107  140
690  107  197
690  107  278
690  107  391
690  107  550
690  107  774
690  107  1089
690  107  1532
690  107  2155
690  107  3032
690  107  4265
690  107  5999
690  125  100
690  125  140
690  125  197
690  125  278
690  125  391
690  125  550
690  125  774
690  125  1089
690  125  1532
690  125  2155
690  125  3032
690  125  4265
690  125  5999
690  146  100
690  146  140
690  146  197
690  146  278
690  146  391
690  146  550
690  146  774
690  146  1089
690  146  1532
690  146  2155
690  146  3032
690  146  4265
690  146  5999
690  171  100
690  171  140
690  171  197
690  171  278
690  171  391
690  171  550
690  171  774
690  171  1089
690  171  1532
690  171  2155
690  171  3032
690  171  4265
690  171  5999
690  199  100
690  199  140
690  199  197
690  199  278
690  199  391
690  199  550
690  199  774
690  199  1089
690  199  1532
690  199  2155
690  199  3032
690  199  4265
690  199  5999
690  233  100
690  233  140
690  233  197
690  233  278
690  233  391
690  233  550
690  233  774
690  233  1089
690  233  1532
690  233  2155
690  233  3032
690  233  4265
690  233  5999
690  272  100
690  272  140
690  272  197
690  272  278
690  272  391
690  272  550
690  272  774
690  272  1089
690  272  1532
690  272  2155
690  272  3032
690  272  4265
690  272  5999
690  318  100
690  318  140
690  318  197
690  318  278
690  318  391
690  318  550
690  318  774
690  318  1089
690  318  1532
690  318  2155
690  318  3032
690  318  4265
690  318  5999
690  371  100
690  371  140
690  371  197
690  371  278
690  371  391
690  371  550
690  371  774
690  371  1089
690  371  1532
690  371  2155
690  371  3032
690  371  4265
690  371  5999
690  433  100
690  433  140
690  433  197
690  433  278
690  433  391
690  433  550
690  433  774
690  433  1089
690  433  1532
690  433  2155
690  433  3032
690  433  4265
690  433  5999
690  506  100
690  506  140
690  506  197
690  506  278
690  506  391
690  506  550
690  506  774
690  506  1089
690  506  1532
690  506  2155
690  506  3032
690  506  4265
690  506  5999
690  591  100
690  591  140
690  591  197
690  591  278
690  591  391
690  591  550
690  591  774
690  591  1089
690  591  1532
690  591  2155
690  591  3032
690  591  4265
690  591  5999
690  690  100
690  690  140
690  690  197
690  690  278
690  690  391
690  690  550
690  690  774
690  690  1089
690  690  1532
690  690  2155
690  690  3032
690  690  4265
690  690  5999
690  1500  100
690  1500  140
690  1500  197
690  1500  278
690  1500  391
690  1500  550
690  1500  774
690  1500  1089
690  1500  1532
690  1500  2155
690  1500  3032
690  1500  4265
690  1500  5999
806  0  100
806  0  140
806  0  197
806  0  278
806  0  391
806  0  550
806  0  774
806  0  1089
806  0  1532
806  0  2155
806  0  3032
806  0  4265
806  0  5999
806  15  100
806  15  140
806  15  197
806  15  278
806  15  391
806  15  550
806  15  774
806  15  1089
806  15  1532
806  15  2155
806  15  3032
806  15  4265
806  15  5999
806  30  100
806  30  140
806  30  197
806  30  278
806  30  391
806  30  550
806  30  774
806  30  1089
806  30  1532
806  30  2155
806  30  3032
806  30  4265
806  30  5999
806  46  100
806  46  140
806  46  197
806  46  278
806  46  391
806  46  550
806  46  774
806  46  1089
806  46  1532
806  46  2155
806  46  3032
806  46  4265
806  46  5999
806  62  100
806  62  140
806  62  197
806  62  278
806  62  391
806  62  550
806  62  774
806  62  1089
806  62  1532
806  62  2155
806  62  3032
806  62  4265
806  62  5999
806  77  100
806  77  140
806  77  197
806  77  278
806  77  391
806  77  550
806  77  774
806  77  1089
806  77  1532
806  77  2155
806  77  3032
806  77  4265
806  77  5999
806  92  100
806  92  140
806  92  197
806  92  278
806  92  391
806  92  550
806  92  774
806  92  1089
806  92  1532
806  92  2155
806  92  3032
806  92  4265
806  92  5999
806  107  100
806  107  140
806  107  197
806  107  278
806  107  391
806  107  550
806  107  774
806  107  1089
806  107  1532
806  107  2155
806  107  3032
806  107  4265
806  107  5999
806  125  100
806  125  140
806  125  197
806  125  278
806  125  391
806  125  550
806  125  774
806  125  1089
806  125  1532
806  125  2155
806  125  3032
806  125  4265
806  125  5999
806  146  100
806  146  140
806  146  197
806  146  278
806  146  391
806  146  550
806  146  774
806  146  1089
806  146  1532
806  146  2155
806  146  3032
806  146  4265
806  146  5999
806  171  100
806  171  140
806  171  197
806  171  278
806  171  391
806  171  550
806  171  774
806  171  1089
806  171  1532
806  171  2155
806  171  3032
806  171  4265
806  171  5999
806  199  100
806  199  140
806  199  197
806  199  278
806  199  391
806  199  550
806  199  774
806  199  1089
806  199  1532
806  199  2155
806  199  3032
806  199  4265
806  199  5999
806  233  100
806  233  140
806  233  197
806  233  278
806  233  391
806  233  550
806  233  774
806  233  1089
806  233  1532
806  233  2155
806  233  3032
806  233  4265
806  233  5999
806  272  100
806  272  140
806  272  197
806  272  278
806  272  391
806  272  550
806  272  774
806  272  1089
806  272  1532
806  272  2155
806  272  3032
806  272  4265
806  272  5999
806  318  100
806  318  140
806  318  197
806  318  278
806  318  391
806  318  550
806  318  774
806  318  1089
806  318  1532
806  318  2155
806  318  3032
806  318  4265
806  318  5999
806  371  100
806  371  140
806  371  197
806  371  278
806  371  391
806  371  550
806  371  774
806  371  1089
806  371  1532
806  371  2155
806  371  3032
806  371  4265
806  371  5999
806  433  100
806  433  140
806  433  197
806  433  278
806  433  391
806  433  550
806  433  774
806  433  1089
806  433  1532
806  433  2155
806  433  3032
806  433  4265
806  433  5999
806  506  100
806  506  140
806  506  197
806  506  278
806  506  391
806  506  550
806  506  774
806  506  1089
806  506  1532
806  506  2155
806  506  3032
806  506  4265
806  506  5999
806  591  100
806  591  140
806  591  197
806  591  278
806  591  391
806  591  550
806  591  774
806  591  1089
806  591  1532
806  591  2155
806  591  3032
806  591  4265
806  591  5999
806  690  100
806  690  140
806  690  197
806  690  278
806  690  391
806  690  550
806  690  774
806  690  1089
806  690  1532
806  690  2155
806  690  3032
806  690  4265
806  690  5999
806  806  100
806  806  140
806  806  197
806  806  278
806  806  391
806  806  550
806  806  774
806  806  1089
806  806  1532
806  806  2155
806  806  3032
806  806  4265
806  806  5999
806  1500  100
806  1500  140
806  1500  197
806  1500  278
806  1500  391
806  1500  550
806  1500  774
806  1500  1089
806  1500  1532
806  1500  2155
806  1500  3032
806  1500  4265
806  1500  5999
941  0  100
941  0  140
941  0  197
941  0  278
941  0  391
941  0  550
941  0  774
941  0  1089
941  0  1532
941  0  2155
941  0  3032
941  0  4265
941  0  5999
941  15  100
941  15  140
941  15  197
941  15  278
941  15  391
941  15  550
941  15  774
941  15  1089
941  15  1532
941  15  2155
941  15  3032
941  15  4265
941  15  5999
941  30  100
941  30  140
941  30  197
941  30  278
941  30  391
941  30  550
941  30  774
941  30  1089
941  30  1532
941  30  2155
941  30  3032
941  30  4265
941  30  5999
941  46  100
941  46  140
941  46  197
941  46  278
941  46  391
941  46  550
941  46  774
941  46  1089
941  46  1532
941  46  2155
941  46  3032
941  46  4265
941  46  5999
941  62  100
941  62  140
941  62  197
941  62  278
941  62  391
941  62  550
941  62  774
941  62  1089
941  62  1532
941  62  2155
941  62  3032
941  62  4265
941  62  5999
941  77  100
941  77  140
941  77  197
941  77  278
941  77  391
941  77  550
941  77  774
941  77  1089
941  77  1532
941  77  2155
941  77  3032
941  77  4265
941  77  5999
941  92  100
941  92  140
941  92  197
941  92  278
941  92  391
941  92  550
941  92  774
941  92  1089
941  92  1532
941  92  2155
941  92  3032
941  92  4265
941  92  5999
941  107  100
941  107  140
941  107  197
941  107  278
941  107  391
941  107  550
941  107  774
941  107  1089
941  107  1532
941  107  2155
941  107  3032
941  107  4265
941  107  5999
941  125  100
941  125  140
941  125  197
941  125  278
941  125  391
941  125  550
941  125  774
941  125  1089
941  125  1532
941  125  2155
941  125  3032
941  125  4265
941  125  5999
941  146  100
941  146  140
941  146  197
941  146  278
941  146  391
941  146  550
941  146  774
941  146  1089
941  146  1532
941  146  2155
941  146  3032
941  146  4265
941  146  5999
941  171  100
941  171  140
941  171  197
941  171  278
941  171  391
941  171  550
941  171  774
941  171  1089
941  171  1532
941  171  2155
941  171  3032
941  171  4265
941  171  5999
941  199  100
941  199  140
941  199  197
941  199  278
941  199  391
941  199  550
941  199  774
941  199  1089
941  199  1532
941  199  2155
941  199  3032
941  199  4265
941  199  5999
941  233  100
941  233  140
941  233  197
941  233  278
941  233  391
941  233  550
941  233  774
941  233  1089
941  233  1532
941  233  2155
941  233  3032
941  233  4265
941  233  5999
941  272  100
941  272  140
941  272  197
941  272  278
941  272  391
941  272  550
941  272  774
941  272  1089
941  272  1532
941  272  2155
941  272  3032
941  272  4265
941  272  5999
941  318  100
941  318  140
941  318  197
941  318  278
941  318  391
941  318  550
941  318  774
941  318  1089
941  318  1532
941  318  2155
941  318  3032
941  318  4265
941  318  5999
941  371  100
941  371  140
941  371  197
941  371  278
941  371  391
941  371  550
941  371  774
941  371  1089
941  371  1532
941  371  2155
941  371  3032
941  371  4265
941  371  5999
941  433  100
941  433  140
941  433  197
941  433  278
941  433  391
941  433  550
941  433  774
941  433  1089
941  433  1532
941  433  2155
941  433  3032
941  433  4265
941  433  5999
941  506  100
941  506  140
941  506  197
941  506  278
941  506  391
941  506  550
941  506  774
941  506  1089
941  506  1532
941  506  2155
941  506  3032
941  506  4265
941  506  5999
941  591  100
941  591  140
941  591  197
941  591  278
941  591  391
941  591  550
941  591  774
941  591  1089
941  591  1532
941  591  2155
941  591  3032
941  591  4265
941  591  5999
941  690  100
941  690  140
941  690  197
941  690  278
941  690  391
941  690  550
941  690  774
941  690  1089
941  690  1532
941  690  2155
941  690  3032
941  690  4265
941  690  5999
941  806  100
941  806  140
941  806  197
941  806  278
941  806  391
941  806  550
941  806  774
941  806  1089
941  806  1532
941  806  2155
941  806  3032
941  806  4265
941  806  5999
941  941  100
941  941  140
941  941  197
941  941  278
941  941  391
941  941  550
941  941  774
941  941  1089
941  941  1532
941  941  2155
941  941  3032
941  941  4265
941  941  5999
941  1500  100
941  1500  140
941  1500  197
941  1500  278
941  1500  391
941  1500  550
941  1500  774
941  1500  1089
941  1500  1532
941  1500  2155
941  1500  3032
941  1500  4265
941  1500  5999
1099  0  100
1099  0  140
1099  0  197
1099  0  278
1099  0  391
1099  0  550
1099  0  774
1099  0  1089
1099  0  1532
1099  0  2155
1099  0  3032
1099  0  4265
1099  0  5999
1099  15  100
1099  15  140
1099  15  197
1099  15  278
1099  15  391
1099  15  550
1099  15  774
1099  15  1089
1099  15  1532
1099  15  2155
1099  15  3032
1099  15  4265
1099  15  5999
1099  30  100
1099  30  140
1099  30  197
1099  30  278
1099  30  391
1099  30  550
1099  30  774
1099  30  1089
1099  30  1532
1099  30  2155
1099  30  3032
1099  30  4265
1099  30  5999
1099  46  100
1099  46  140
1099  46  197
1099  46  278
1099  46  391
1099  46  550
1099  46  774
1099  46  1089
1099  46  1532
1099  46  2155
1099  46  3032
1099  46  4265
1099  46  5999
1099  62  100
1099  62  140
1099  62  197
1099  62  278
1099  62  391
1099  62  550
1099  62  774
1099  62  1089
1099  62  1532
1099  62  2155
1099  62  3032
1099  62  4265
1099  62  5999
1099  77  100
1099  77  140
1099  77  197
1099  77  278
1099  77  391
1099  77  550
1099  77  774
1099  77  1089
1099  77  1532
1099  77  2155
1099  77  3032
1099  77  4265
1099  77  5999
1099  92  100
1099  92  140
1099  92  197
1099  92  278
1099  92  391
1099  92  550
1099  92  774
1099  92  1089
1099  92  1532
1099  92  2155
1099  92  3032
1099  92  4265
1099  92  5999
1099  107  100
1099  107  140
1099  107  197
1099  107  278
1099  107  391
1099  107  550
1099  107  774
1099  107  1089
1099  107  1532
1099  107  2155
1099  107  3032
1099  107  4265
1099  107  5999
1099  125  100
1099  125  140
1099  125  197
1099  125  278
1099  125  391
1099  125  550
1099  125  774
1099  125  1089
1099  125  1532
1099  125  2155
1099  125  3032
1099  125  4265
1099  125  5999
1099  146  100
1099  146  140
1099  146  197
1099  146  278
1099  146  391
1099  146  550
1099  146  774
1099  146  1089
1099  146  1532
1099  146  2155
1099  146  3032
1099  146  4265
1099  146  5999
1099  171  100
1099  171  140
1099  171  197
1099  171  278
1099  171  391
1099  171  550
1099  171  774
1099  171  1089
1099  171  1532
1099  171  2155
1099  171  3032
1099  171  4265
1099  171  5999
1099  199  100
1099  199  140
1099  199  197
1099  199  278
1099  199  391
1099  199  550
1099  199  774
1099  199  1089
1099  199  1532
1099  199  2155
1099  199  3032
1099  199  4265
1099  199  5999
1099  233  100
1099  233  140
1099  233  197
1099  233  278
1099  233  391
1099  233  550
1099  233  774
1099  233  1089
1099  233  1532
1099  233  2155
1099  233  3032
1099  233  4265
1099  233  5999
1099  272  100
1099  272  140
1099  272  197
1099  272  278
1099  272  391
1099  272  550
1099  272  774
1099  272  1089
1099  272  1532
1099  272  2155
1099  272  3032
1099  272  4265
1099  272  5999
1099  318  100
1099  318  140
1099  318  197
1099  318  278
1099  318  391
1099  318  550
1099  318  774
1099  318  1089
1099  318  1532
1099  318  2155
1099  318  3032
1099  318  4265
1099  318  5999
1099  371  100
1099  371  140
1099  371  197
1099  371  278
1099  371  391
1099  371  550
1099  371  774
1099  371  1089
1099  371  1532
1099  371  2155
1099  371  3032
1099  371  4265
1099  371  5999
1099  433  100
1099  433  140
1099  433  197
1099  433  278
1099  433  391
1099  433  550
1099  433  774
1099  433  1089
1099  433  1532
1099  433  2155
1099  433  3032
1099  433  4265
1099  433  5999
1099  506  100
1099  506  140
1099  506  197
1099  506  278
1099  506  391
1099  506  550
1099  506  774
1099  506  1089
1099  506  1532
1099  506  2155
1099  506  3032
1099  506  4265
1099  506  5999
1099  591  100
1099  591  140
1099  591  197
1099  591  278
1099  591  391
1099  591  550
1099  591  774
1099  591  1089
1099  591  1532
1099  591  2155
1099  591  3032
1099  591  4265
1099  591  5999
1099  690  100
1099  690  140
1099  690  197
1099  690  278
1099  690  391
1099  690  550
1099  690  774
1099  690  1089
1099  690  1532
1099  690  2155
1099  690  3032
1099  690  4265
1099  690  5999
1099  806  100
1099  806  140
1099  806  197
1099  806  278
1099  806  391
1099  806  550
1099  806  774
1099  806  1089
1099  806  1532
1099  806  2155
1099  806  3032
1099  806  4265
1099  806  5999
1099  941  100
1099  941  140
1099  941  197
1099  941  278
1099  941  391
1099  941  550
1099  941  774
1099  941  1089
1099  941  1532
1099  941  2155
1099  941  3032
1099  941  4265
1099  941  5999
1099  1099  100
1099  1099  140
1099  1099  197
1099  1099  278
1099  1099  391
1099  1099  550
1099  1099  774
1099  1099  1089
1099  1099  1532
1099  1099  2155
1099  1099  3032
1099  1099  4265
1099  1099  5999
1099  1500  100
1099  1500  140
1099  1500  197
1099  1500  278
1099  1500  391
1099  1500  550
1099  1500  774
1099  1500  1089
1099  1500  1532
1099  1500  2155
1099  1500  3032
1099  1500  4265
1099  1500  5999
1284  0  100
1284  0  140
1284  0  197
1284  0  278
1284  0  391
1284  0  550
1284  0  774
1284  0  1089
1284  0  1532
1284  0  2155
1284  0  3032
1284  0  4265
1284  0  5999
1284  15  100
1284  15  140
1284  15  197
1284  15  278
1284  15  391
1284  15  550
1284  15  774
1284  15  1089
1284  15  1532
1284  15  2155
1284  15  3032
1284  15  4265
1284  15  5999
1284  30  100
1284  30  140
1284  30  197
1284  30  278
1284  30  391
1284  30  550
1284  30  774
1284  30  1089
1284  30  1532
1284  30  2155
1284  30  3032
1284  30  4265
1284  30  5999
1284  46  100
1284  46  140
1284  46  197
1284  46  278
1284  46  391
1284  46  550
1284  46  774
1284  46  1089
1284  46  1532
1284  46  2155
1284  46  3032
1284  46  4265
1284  46  5999
1284  62  100
1284  62  140
1284  62  197
1284  62  278
1284  62  391
1284  62  550
1284  62  774
1284  62  1089
1284  62  1532
1284  62  2155
1284  62  3032
1284  62  4265
1284  62  5999
1284  77  100
1284  77  140
1284  77  197
1284  77  278
1284  77  391
1284  77  550
1284  77  774
1284  77  1089
1284  77  1532
1284  77  2155
1284  77  3032
1284  77  4265
1284  77  5999
1284  92  100
1284  92  140
1284  92  197
1284  92  278
1284  92  391
1284  92  550
1284  92  774
1284  92  1089
1284  92  1532
1284  92  2155
1284  92  3032
1284  92  4265
1284  92  5999
1284  107  100
1284  107  140
1284  107  197
1284  107  278
1284  107  391
1284  107  550
1284  107  774
1284  107  1089
1284  107  1532
1284  107  2155
1284  107  3032
1284  107  4265
1284  107  5999
1284  125  100
1284  125  140
1284  125  197
1284  125  278
1284  125  391
1284  125  550
1284  125  774
1284  125  1089
1284  125  1532
1284  125  2155
1284  125  3032
1284  125  4265
1284  125  5999
1284  146  100
1284  146  140
1284  146  197
1284  146  278
1284  146  391
1284  146  550
1284  146  774
1284  146  1089
1284  146  1532
1284  146  2155
1284  146  3032
1284  146  4265
1284  146  5999
1284  171  100
1284  171  140
1284  171  197
1284  171  278
1284  171  391
1284  171  550
1284  171  774
1284  171  1089
1284  171  1532
1284  171  2155
1284  171  3032
1284  171  4265
1284  171  5999
1284  199  100
1284  199  140
1284  199  197
1284  199  278
1284  199  391
1284  199  550
1284  199  774
1284  199  1089
1284  199  1532
1284  199  2155
1284  199  3032
1284  199  4265
1284  199  5999
1284  233  100
1284  233  140
1284  233  197
1284  233  278
1284  233  391
1284  233  550
1284  233  774
1284  233  1089
1284  233  1532
1284  233  2155
1284  233  3032
1284  233  4265
1284  233  5999
1284  272  100
1284  272  140
1284  272  197
1284  272  278
1284  272  391
1284  272  550
1284  272  774
1284  272  1089
1284  272  1532
1284  272  2155
1284  272  3032
1284  272  4265
1284  272  5999
1284  318  100
1284  318  140
1284  318  197
1284  318  278
1284  318  391
1284  318  550
1284  318  774
1284  318  1089
1284  318  1532
1284  318  2155
1284  318  3032
1284  318  4265
1284  318  5999
1284  371  100
1284  371  140
1284  371  197
1284  371  278
1284  371  391
1284  371  550
1284  371  774
1284  371  1089
1284  371  1532
1284  371  2155
1284  371  3032
1284  371  4265
1284  371  5999
1284  433  100
1284  433  140
1284  433  197
1284  433  278
1284  433  391
1284  433  550
1284  433  774
1284  433  1089
1284  433  1532
1284  433  2155
1284  433  3032
1284  433  4265
1284  433  5999
1284  506  100
1284  506  140
1284  506  197
1284  506  278
1284  506  391
1284  506  550
1284  506  774
1284  506  1089
1284  506  1532
1284  506  2155
1284  506  3032
1284  506  4265
1284  506  5999
1284  591  100
1284  591  140
1284  591  197
1284  591  278
1284  591  391
1284  591  550
1284  591  774
1284  591  1089
1284  591  1532
1284  591  2155
1284  591  3032
1284  591  4265
1284  591  5999
1284  690  100
1284  690  140
1284  690  197
1284  690  278
1284  690  391
1284  690  550
1284  690  774
1284  690  1089
1284  690  1532
1284  690  2155
1284  690  3032
1284  690  4265
1284  690  5999
1284  806  100
1284  806  140
1284  806  197
1284  806  278
1284  806  391
1284  806  550
1284  806  774
1284  806  1089
1284  806  1532
1284  806  2155
1284  806  3032
1284  806  4265
1284  806  5999
1284  941  100
1284  941  140
1284  941  197
1284  941  278
1284  941  391
1284  941  550
1284  941  774
1284  941  1089
1284  941  1532
1284  941  2155
1284  941  3032
1284  941  4265
1284  941  5999
1284  1099  100
1284  1099  140
1284  1099  197
1284  1099  278
1284  1099  391
1284  1099  550
1284  1099  774
1284  1099  1089
1284  1099  1532
1284  1099  2155
1284  1099  3032
1284  1099  4265
1284  1099  5999
1284  1284  100
1284  1284  140
1284  1284  197
1284  1284  278
1284  1284  391
1284  1284  550
1284  1284  774
1284  1284  1089
1284  1284  1532
1284  1284  2155
1284  1284  3032
1284  1284  4265
1284  1284  5999
1284  1500  100
1284  1500  140
1284  1500  197
1284  1500  278
1284  1500  391
1284  1500  550
1284  1500  774
1284  1500  1089
1284  1500  1532
1284  1500  2155
1284  1500  3032
1284  1500  4265
1284  1500  5999
1500  0  100
1500  0  140
1500  0  197
1500  0  278
1500  0  391
1500  0  550
1500  0  774
1500  0  1089
1500  0  1532
1500  0  2155
1500  0  3032
1500  0  4265
1500  0  5999
1500  15  100
1500  15  140
1500  15  197
1500  15  278
1500  15  391
1500  15  550
1500  15  774
1500  15  1089
1500  15  1532
1500  15  2155
1500  15  3032
1500  15  4265
1500  15  5999
1500  30  100
1500  30  140
1500  30  197
1500  30  278
1500  30  391
1500  30  550
1500  30  774
1500  30  1089
1500  30  1532
1500  30  2155
1500  30  3032
1500  30  4265
1500  30  5999
1500  46  100
1500  46  140
1500  46  197
1500  46  278
1500  46  391
1500  46  550
1500  46  774
1500  46  1089
1500  46  1532
1500  46  2155
1500  46  3032
1500  46  4265
1500  46  5999
1500  62  100
1500  62  140
1500  62  197
1500  62  278
1500  62  391
1500  62  550
1500  62  774
1500  62  1089
1500  62  1532
1500  62  2155
1500  62  3032
1500  62  4265
1500  62  5999
1500  77  100
1500  77  140
1500  77  197
1500  77  278
1500  77  391
1500  77  550
1500  77  774
1500  77  1089
1500  77  1532
1500  77  2155
1500  77  3032
1500  77  4265
1500  77  5999
1500  92  100
1500  92  140
1500  92  197
1500  92  278
1500  92  391
1500  92  550
1500  92  774
1500  92  1089
1500  92  1532
1500  92  2155
1500  92  3032
1500  92  4265
1500  92  5999
1500  107  100
1500  107  140
1500  107  197
1500  107  278
1500  107  391
1500  107  550
1500  107  774
1500  107  1089
1500  107  1532
1500  107  2155
1500  107  3032
1500  107  4265
1500  107  5999
1500  125  100
1500  125  140
1500  125  197
1500  125  278
1500  125  391
1500  125  550
1500  125  774
1500  125  1089
1500  125  1532
1500  125  2155
1500  125  3032
1500  125  4265
1500  125  5999
1500  146  100
1500  146  140
1500  146  197
1500  146  278
1500  146  391
1500  146  550
1500  146  774
1500  146  1089
1500  146  1532
1500  146  2155
1500  146  3032
1500  146  4265
1500  146  5999
1500  171  100
1500  171  140
1500  171  197
1500  171  278
1500  171  391
1500  171  550
1500  171  774
1500  171  1089
1500  171  1532
1500  171  2155
1500  171  3032
1500  171  4265
1500  171  5999
1500  199  100
1500  199  140
1500  199  197
1500  199  278
1500  199  391
1500  199  550
1500  199  774
1500  199  1089
1500  199  1532
1500  199  2155
1500  199  3032
1500  199  4265
1500  199  5999
1500  233  100
1500  233  140
1500  233  197
1500  233  278
1500  233  391
1500  233  550
1500  233  774
1500  233  1089
1500  233  1532
1500  233  2155
1500  233  3032
1500  233  4265
1500  233  5999
1500  272  100
1500  272  140
1500  272  197
1500  272  278
1500  272  391
1500  272  550
1500  272  774
1500  272  1089
1500  272  1532
1500  272  2155
1500  272  3032
1500  272  4265
1500  272  5999
1500  318  100
1500  318  140
1500  318  197
1500  318  278
1500  318  391
1500  318  550
1500  318  774
1500  318  1089
1500  318  1532
1500  318  2155
1500  318  3032
1500  318  4265
1500  318  5999
1500  371  100
1500  371  140
1500  371  197
1500  371  278
1500  371  391
1500  371  550
1500  371  774
1500  371  1089
1500  371  1532
1500  371  2155
1500  371  3032
1500  371  4265
1500  371  5999
1500  433  100
1500  433  140
1500  433  197
1500  433  278
1500  433  391
1500  433  550
1500  433  774
1500  433  1089
1500  433  1532
1500  433  2155
1500  433  3032
1500  433  4265
1500  433  5999
1500  506  100
1500  506  140
1500  506  197
1500  506  278
1500  506  391
1500  506  550
1500  506  774
1500  506  1089
1500  506  1532
1500  506  2155
1500  506  3032
1500  506  4265
1500  506  5999
1500  591  100
1500  591  140
1500  591  197
1500  591  278
1500  591  391
1500  591  550
1500  591  774
1500  591  1089
1500  591  1532
1500  591  2155
1500  591  3032
1500  591  4265
1500  591  5999
1500  690  100
1500  690  140
1500  690  197
1500  690  278
1500  690  391
1500  690  550
1500  690  774
1500  690  1089
1500  690  1532
1500  690  2155
1500  690  3032
1500  690  4265
1500  690  5999
1500  806  100
1500  806  140
1500  806  197
1500  806  278
1500  806  391
1500  806  550
1500  806  774
1500  806  1089
1500  806  1532
1500  806  2155
1500  806  3032
1500  806  4265
1500  806  5999
1500  941  100
1500  941  140
1500  941  197
1500  941  278
1500  941  391
1500  941  550
1500  941  774
1500  941  1089
1500  941  1532
1500  941  2155
1500  941  3032
1500  941  4265
1500  941  5999
1500  1099  100
1500  1099  140
1500  1099  197
1500  1099  278
1500  1099  391
1500  1099  550
1500  1099  774
1500  1099  1089
1500  1099  1532
1500  1099  2155
1500  1099  3032
1500  1099  4265
1500  1099  5999
1500  1284  100
1500  1284  140
1500  1284  197
1500  1284  278
1500  1284  391
1500  1284  550
1500  1284  774
1500  1284  1089
1500  1284  1532
1500  1284  2155
1500  1284  3032
1500  1284  4265
1500  1284  5999
1500  1500  100
1500  1500  140
1500  1500  197
1500  1500  278
1500  1500  391
1500  1500  550
1500  1500  774
1500  1500  1089
1500  1500  1532
1500  1500  2155
1500  1500  3032
1500  1500  4265
1500  1500  5999
1500  1500  100
1500  1500  140
1500  1500  197
1500  1500  278
1500  1500  391
1500  1500  550
1500  1500  774
1500  1500  1089
1500  1500  1532
1500  1500  2155
1500  1500  3032
1500  1500  4265
1500  1500  5999
